0;
1;
note 1 67 100;
note 1.0625 67 100;
note 1.125 67 100;
note 1.1875 67 100;
note 1.25 67 100;
note 1.3125 67 100;
note 1.375 67 100;
note 1.4375 67 100;
note 1.5 67 100;
note 1.5625 67 100;
note 1.625 67 100;
note 1.6875 67 100;
note 1.75 67 100;
note 1.8125 67 100;
note 1.875 67 100;
note 1.9375 67 100;
note 2 71 100;
note 2.0625 67 100;
note 2.125 67 100;
note 2.1875 69 100;
note 2.25 67 100;
note 2.3125 67 100;
note 2.375 67 100;
note 2.4375 67 100;
nichts;
note 2.5625 67 100;
note 2.625 67 100;
note 2.6875 67 100;
note 2.75 67 100;
note 2.8125 74 100;
note 2.875 67 100;
note 2.9375 67 100;
note 3 72 100;
note 3.0625 67 100;
note 3.125 77 100;
note 3.1875 67 100;
note 3.25 67 100;
note 3.3125 67 100;
note 3.375 67 100;
note 3.4375 67 100;
note 3.5 67 100;
note 5 77 100;
note 3.625 67 100;
note 3.6875 77 100;
note 3.75 71 100;
note 3.8125 67 100;
note 3.875 67 100;
note 3.9375 67 100;
note 4 67 100;
note 4.0625 67 100;
note 5 74 100;
note 4.1875 67 100;
note 4.25 67 100;
note 4.3125 67 100;
note 4.375 67 100;
note 4.4375 67 100;
note 4.5 67 100;
note 4.5625 67 100;
note 4.625 67 100;
note 4.6875 67 100;
note 5 67 100;
note 4.8125 67 100;
note 4.875 67 100;
note 4.9375 67 100;
note 5 77 100;
